1649045585.0
1649048850.0
1649052244.0
1649055347.0
1649058870.0
1649062445.0
1649062646.0
1649065904.0
1649069631.0
1649073550.0
1649078195.0
1649081299.0
1649085181.0
1649088424.0
1649092097.0
1649096081.0
1649099164.0
1649102310.0
1649105825.0
1649113505.0
1649117314.0
1649121193.0
1649125283.0
1649130031.0
1649133652.0
1649137319.0
1649141952.0
1649145243.0
1649148783.0
1649152968.0
1649163081.0
1649166270.0
1649169357.0
1649172888.0
1649177322.0
1649180799.0
1649184329.0
1649187920.0
1649191752.0
1649195166.0
1649199601.0
1649202638.0
1649205746.0
1649209643.0
1649212679.0
1649215850.0
1649220615.0
1649223945.0
1649227020.0
1649230302.0
1649233521.0
1649238753.0
1649244012.0
1649244033.0
1649248143.0
1649252529.0
1649255802.0
1649259048.0
1649264208.0
1649268156.0
1649271247.0
1649275378.0
1649279316.0
1649283024.0
1649286864.0
1649290005.0
1649293143.0
1649296242.0
1649299374.0
1649302425.0
1649305686.0
1649309721.0
1649312802.0
1649316289.0
1649319713.0
1649327472.0
1649331090.0
1649334507.0
1649338666.0
1649342516.0
1649345858.0
1649349972.0
1649353953.0
1649357331.0
1649362383.0
1649366278.0
1649371140.0
1649378130.0
1649381199.0
1649385634.0
1649389537.0
1649394722.0
1649397779.0
1649401949.0
1649405483.0
1649413454.0
1649418149.0
1649423382.0
1649426666.0
1649430746.0
1649435991.0
1649439151.0
1649443119.0
1649446293.0
1649449590.0
1649452632.0
1649456030.0
1649459229.0
1649462320.0
1649465843.0
1649469540.0
1649472666.0
1649477669.0
1649480726.0
1649484171.0
1649487348.0
1649496541.0
1649500394.0
1649505576.0
1649508630.0
1649513067.0
1649516745.0
1649520849.0
1649523906.0
1649526933.0
1649530071.0
1649533210.0
1649536319.0
1649539465.0
1649542580.0
1649546189.0
1649551109.0
1649554249.0
1649557333.0
1649560819.0
1649565757.0
1649570314.0
1649574421.0
1649579176.0
1649582248.0
1649585632.0
1649591302.0
1649594920.0
1649600210.0
1649611451.0
1649614812.0
1649619218.0
1649624294.0
1649628362.0
1649631542.0
1649634695.0
1649637735.0
1649641350.0
1649644403.0
1649647475.0
1649651278.0
1649654365.0
1649657407.0
1649660506.0
1649663875.0
1649667655.0
1649676913.0
1649682146.0
1649685987.0
1649690219.0
1649693328.0
1649698029.0
