16637197
16638271
16639383
16640411
16641585
16642770
16642837
16643913
16645127
16646432
16647958
16648967
16650252
16651320
16652514
16653840
16654861
16655877
16657019
16659538
16660794
16662087
16663438
16665010
16666170
16667344
16668888
16669985
16671165
16672560
16675931
16676994
16678023
16679200
16680678
16681837
16683013
16684210
16685487
16686625
16688103
16689115
16690151
16691450
16692462
16693519
16695106
16696216
16697241
16698335
16699408
16701152
16702905
16702912
16704258
16705600
16706691
16707771
16709483
16710797
16711818
16713186
16714488
16715723
16717003
16718050
16719096
16720129
16721173
16722190
16723277
16724622
16725649
16726811
16727952
16730538
16731744
16732876
16734256
16735539
16736653
16738022
16739345
16740471
16742154
16743449
16745033
16747363
16748386
16749864
16751123
16752851
16753870
16755260
16756388
16759045
16760610
16762333
16763415
16764775
16766523
16767539
16768842
16769900
16770999
16772013
16773139
16774204
16775234
16776408
16777640
16778682
16780336
16781355
16782503
16783562
16786626
16787910
16789637
16790655
16792134
16793360
16794728
16795747
16796753
16797799
16798839
16799875
16800911
16801949
16803152
16804792
16805836
16806864
16808026
16809672
16811191
16812556
16814130
16815154
16816282
16818172
16819378
16821141
16824886
16826006
16827459
16829151
16830507
16831567
16832618
16833631
16834836
16835853
16836877
16838144
16839173
16840187
16841220
16842343
16843603
16846689
16848427
16849707
16851117
